3 8 6 9 5 7 1 2 4 
4 9 2 6 1 8 7 3 5 
2 7 5 6 1 4 3 8 9 

2 6 7 1 4 3 8 9 5      d = 41
2 6 3 8 9 7 5 1 4      d = 42

 
 
  --------------------------------------------
3 9 4 1 5 8 2 7 6 
8 7 1 2 4 5 3 6 9 
8 5 2 4 7 1 3 9 6 

8 4 1 5 2 7 3 9 6      d = 28
8 5 2 4 7 1 3 9 6      d = 29

 
 
  --------------------------------------------
8 4 1 5 7 9 6 3 2 
5 2 8 6 3 1 9 4 7 
2 9 6 8 1 3 7 5 4 

2 8 1 5 9 6 3 4 7      d = 32
5 2 8 6 1 9 3 4 7      d = 33

 
 
  --------------------------------------------
8 5 7 6 4 1 9 2 3 
4 2 6 1 5 9 8 7 3 
7 9 1 8 4 2 5 6 3 

8 7 4 1 2 5 6 9 3      d = 32
8 4 5 7 6 1 9 2 3      d = 33

 
 
  --------------------------------------------
5 9 6 1 4 3 2 7 8 
1 2 9 8 7 6 4 5 3 
3 4 7 6 5 1 8 2 9 

6 5 1 9 4 3 2 7 8      d = 39
5 9 6 1 4 3 2 7 8      d = 40

 
 
  --------------------------------------------
5 4 3 9 8 2 6 7 1 
5 8 3 9 6 4 1 2 7 
1 5 6 9 2 4 7 8 3 

5 9 4 8 3 6 1 2 7      d = 26
5 8 3 9 6 4 1 2 7      d = 27

 
 
  --------------------------------------------
5 3 7 2 6 9 4 1 8 
4 3 7 6 2 8 9 5 1 
7 9 8 2 5 1 4 3 6 

3 7 2 9 5 4 6 8 1      d = 31
3 7 2 5 6 9 4 8 1      d = 32

 
 
  --------------------------------------------
