5 11 2 10 8 9 4 12 1 3 6 7 
10 3 1 4 2 5 12 8 6 9 11 7 
4 11 6 12 3 1 9 5 7 2 8 10 

4 5 11 2 10 12 3 1 8 6 9 7      d = 59
10 4 11 3 1 5 2 12 8 6 9 7      d = 60

 
 
  --------------------------------------------
4 7 6 9 1 5 3 8 12 11 10 2 
3 10 6 9 2 11 12 7 4 5 8 1 
11 4 9 8 12 7 1 10 5 3 2 6 

4 9 7 3 6 11 8 12 1 10 5 2      d = 62
4 6 9 11 12 7 1 3 10 5 8 2      d = 64

 
 
  --------------------------------------------
11 2 6 4 1 10 5 3 9 7 8 12 
12 1 5 6 8 4 11 9 2 10 7 3 
2 4 6 7 11 8 12 1 10 3 5 9 

2 6 4 11 12 1 10 5 7 8 3 9      d = 50
2 6 4 11 12 1 8 10 5 3 9 7      d = 51

 
 
  --------------------------------------------
6 9 4 7 1 11 8 10 2 12 3 5 
9 12 6 11 3 8 5 1 2 4 10 7 
5 8 10 6 12 7 1 3 11 9 2 4 

6 9 8 12 5 7 1 11 10 3 2 4      d = 60
6 9 8 12 5 7 1 11 3 4 10 2      d = 61

 
 
  --------------------------------------------
11 8 10 3 4 12 9 2 5 1 6 7 
9 3 6 4 5 2 10 7 11 1 8 12 
12 5 3 8 7 2 4 11 1 9 6 10 

3 4 5 11 8 12 9 2 6 10 7 1      d = 62
3 4 5 11 8 12 9 2 10 1 6 7      d = 63

 
 
  --------------------------------------------
11 7 2 8 5 9 10 6 4 1 12 3 
10 5 1 8 6 2 7 4 9 11 12 3 
12 4 7 1 9 10 11 6 8 5 3 2 

7 10 1 11 8 5 6 2 4 9 12 3      d = 60
7 10 1 11 8 5 2 9 6 4 12 3      d = 61

 
 
  --------------------------------------------
7 3 12 10 1 9 2 4 8 5 11 6 
5 7 8 12 10 11 6 3 9 1 4 2 
4 3 5 6 9 11 8 2 7 1 10 12 

3 5 7 8 12 10 9 4 11 6 1 2      d = 63
3 5 7 8 12 10 6 9 11 1 4 2      d = 64

 
 
  --------------------------------------------
12 10 3 6 7 9 11 2 5 8 4 1 
6 7 12 2 10 1 9 5 3 8 11 4 
12 10 5 3 1 9 11 6 8 2 4 7 

12 10 3 6 7 9 2 5 1 11 8 4      d = 38
12 10 3 6 7 1 9 11 2 5 8 4      d = 39

 
 
  --------------------------------------------
9 7 8 3 5 12 1 2 4 10 11 6 
7 3 10 9 8 5 11 12 6 1 4 2 
9 8 3 1 11 12 10 4 2 5 6 7 

9 7 8 3 5 12 1 10 11 4 2 6      d = 37
9 7 8 3 10 5 11 12 1 4 2 6      d = 38

 
 
  --------------------------------------------
3 5 10 4 1 7 12 2 9 6 11 8 
6 10 7 8 9 11 5 3 1 4 12 2 
5 8 6 1 11 3 2 4 7 10 9 12 

5 6 3 10 8 1 4 7 9 11 12 2      d = 56
5 6 8 3 10 1 11 4 7 12 2 9      d = 57

 
 
  --------------------------------------------
1 7 6 3 8 5 12 2 10 9 4 11 
1 10 12 11 3 9 6 7 4 8 5 2 
3 10 5 4 2 1 9 7 6 11 8 12 

1 3 10 9 7 6 8 5 12 4 2 11      d = 54
1 3 10 7 6 8 5 12 2 9 4 11      d = 55

 
 
  --------------------------------------------
8 11 1 2 9 5 7 4 6 10 3 12 
10 9 3 11 4 1 6 8 2 7 12 5 
2 6 7 3 11 8 12 4 5 9 1 10 

11 8 2 9 4 1 6 7 10 3 12 5      d = 62
11 8 1 2 9 6 7 3 4 5 10 12      d = 63

 
 
  --------------------------------------------
12 10 11 7 4 5 9 1 3 6 8 2 
6 2 12 7 1 9 11 5 4 8 10 3 
9 4 8 1 3 6 12 5 11 10 7 2 

12 7 9 4 1 6 11 5 8 10 3 2      d = 62
12 9 1 6 11 7 4 5 8 10 3 2      d = 63

 
 
  --------------------------------------------
4 12 2 5 6 1 10 8 9 3 11 7 
11 1 10 9 2 3 7 4 5 8 6 12 
6 1 12 3 8 2 10 4 11 5 9 7 

6 1 12 2 10 3 4 5 8 11 9 7      d = 59
1 2 4 6 12 10 3 8 11 5 9 7      d = 60

 
 
  --------------------------------------------
12 6 10 9 8 7 5 3 11 4 1 2 
2 10 5 11 12 1 7 9 3 8 6 4 
3 8 1 2 11 4 7 6 10 5 12 9 

2 10 5 12 3 8 11 1 7 6 9 4      d = 71
2 10 12 8 7 5 3 11 1 6 9 4      d = 72

 
 
  --------------------------------------------
3 2 4 6 11 5 9 12 10 7 8 1 
4 10 1 9 6 8 12 7 11 2 5 3 
8 11 7 9 4 5 12 2 10 6 3 1 

4 9 6 8 11 12 7 2 5 10 3 1      d = 64
4 11 9 10 6 8 12 7 2 5 3 1      d = 65

 
 
  --------------------------------------------
12 6 2 5 9 4 8 3 7 1 10 11 
7 1 8 5 6 2 10 4 11 9 12 3 
11 3 9 10 6 4 12 2 1 8 7 5 

6 2 9 4 12 8 3 7 1 5 10 11      d = 74
6 12 2 5 9 4 8 3 7 1 10 11      d = 75

 
 
  --------------------------------------------
7 1 3 10 5 9 11 8 4 12 6 2 
12 4 7 5 2 3 1 9 10 8 11 6 
12 10 2 11 5 8 4 6 9 3 1 7 

12 7 10 5 4 2 3 1 9 11 8 6      d = 60
12 4 7 5 2 3 1 10 9 11 8 6      d = 61

 
 
  --------------------------------------------
4 5 12 8 2 6 1 3 9 11 10 7 
2 9 11 1 7 12 4 6 10 5 3 8 
7 12 9 3 6 4 10 2 5 11 8 1 

12 2 9 7 4 6 5 1 3 11 10 8      d = 60
2 7 12 9 4 6 5 11 1 3 10 8      d = 61

 
 
  --------------------------------------------
8 4 11 6 5 2 9 1 7 10 12 3 
1 6 8 2 11 9 12 7 4 3 10 5 
12 4 10 9 6 11 5 1 7 3 8 2 

4 6 8 11 9 5 1 2 12 7 10 3      d = 55
6 8 4 11 2 9 12 5 1 7 10 3      d = 56

 
 
  --------------------------------------------
5 8 11 6 12 4 10 3 7 9 1 2 
6 2 5 4 3 7 1 11 8 10 12 9 
1 3 2 10 8 7 11 9 12 4 6 5 

6 5 3 1 2 8 11 4 10 7 12 9      d = 66
6 3 2 5 1 8 11 4 10 7 12 9      d = 67

 
 
  --------------------------------------------
11 6 5 4 2 12 8 7 1 10 9 3 
4 8 11 12 5 10 3 9 2 6 1 7 
7 5 8 3 6 1 9 4 12 11 10 2 

5 4 8 11 6 12 7 1 10 3 9 2      d = 56
11 5 6 4 8 12 7 10 3 9 2 1      d = 57

 
 
  --------------------------------------------
3 6 9 5 12 1 10 8 11 2 7 4 
2 1 8 4 6 10 3 9 5 12 11 7 
6 4 5 11 10 3 1 7 8 9 2 12 

6 4 3 5 1 10 8 9 2 12 11 7      d = 55
6 1 4 10 3 8 9 5 12 11 2 7      d = 56

 
 
  --------------------------------------------
9 1 11 10 3 12 6 8 2 7 4 5 
6 9 2 11 8 3 12 4 1 5 10 7 
8 12 9 4 7 1 5 11 6 2 3 10 

9 11 8 12 1 6 2 3 4 5 10 7      d = 51
9 1 11 6 8 2 3 12 4 10 7 5      d = 52

 
 
  --------------------------------------------
3 1 8 5 9 2 7 4 11 12 10 6 
5 7 9 3 12 8 2 1 6 10 4 11 
9 8 2 10 12 6 11 5 7 1 3 4 

5 9 3 8 2 7 12 1 10 6 4 11      d = 47
9 8 5 2 7 3 12 1 10 6 4 11      d = 48

 
 
  --------------------------------------------
12 3 7 8 11 6 10 1 4 2 9 5 
4 10 3 7 5 2 9 11 8 1 12 6 
7 9 1 4 11 10 12 3 5 6 8 2 

7 4 10 3 9 11 1 12 5 8 6 2      d = 55
4 3 7 9 11 10 1 12 5 8 6 2      d = 56

 
 
  --------------------------------------------
7 8 12 3 1 6 9 2 11 10 5 4 
11 2 6 9 7 12 10 3 1 4 8 5 
12 9 4 8 10 11 1 6 7 2 5 3 

12 9 8 11 6 7 2 10 3 1 4 5      d = 56
12 11 6 9 7 8 2 10 3 1 4 5      d = 57

 
 
  --------------------------------------------
6 10 5 2 3 4 11 1 9 12 8 7 
2 1 3 11 12 6 9 7 5 10 4 8 
3 12 7 11 2 6 5 9 8 10 1 4 

2 3 11 12 6 5 1 9 7 10 4 8      d = 46
2 3 11 12 6 7 5 9 10 1 4 8      d = 47

 
 
  --------------------------------------------
5 2 4 6 12 8 9 7 3 11 1 10 
9 12 3 10 5 8 1 4 11 2 6 7 
11 8 2 3 12 5 10 7 9 4 6 1 

12 5 8 2 9 3 4 11 10 6 7 1      d = 55
5 2 12 8 9 3 11 10 4 6 7 1      d = 56

 
 
  --------------------------------------------
5 6 1 10 12 11 2 3 7 4 9 8 
2 8 12 9 10 1 5 6 7 3 4 11 
11 12 6 3 7 10 8 2 4 5 9 1 

12 6 10 2 5 1 11 3 7 8 4 9      d = 59
12 10 5 6 1 11 2 3 7 8 4 9      d = 60

 
 
  --------------------------------------------
10 8 9 1 7 6 11 2 5 3 4 12 
11 5 10 7 4 6 8 9 3 2 12 1 
10 7 6 3 2 9 12 1 11 4 8 5 

10 7 6 8 9 11 3 2 1 5 4 12      d = 48
10 7 6 8 9 1 11 2 5 3 4 12      d = 49

 
 
  --------------------------------------------
7 4 11 5 1 9 2 3 8 12 6 10 
7 12 3 9 1 6 11 4 2 5 8 10 
10 11 5 12 1 8 6 4 2 9 7 3 

7 11 5 12 1 4 9 2 3 8 6 10      d = 59
7 11 12 4 5 1 9 2 3 8 6 10      d = 60

 
 
  --------------------------------------------
