2 5 7 10 9 3 8 1 4 6 
3 10 6 1 7 4 2 8 9 5 
8 10 7 6 9 4 5 1 3 2 

10 7 3 8 6 9 1 4 2 5      d = 44
10 7 3 6 2 8 9 5 1 4      d = 45

 
 
  --------------------------------------------
3 2 8 10 6 7 5 9 4 1 
3 5 9 2 6 10 4 7 8 1 
1 10 2 3 9 7 8 4 5 6 

3 2 10 9 7 8 5 6 4 1      d = 34
3 2 10 9 8 6 7 5 4 1      d = 35

 
 
  --------------------------------------------
8 10 3 9 1 2 4 5 7 6 
7 2 9 6 5 4 10 1 8 3 
9 3 6 8 2 1 5 7 10 4 

9 8 3 2 6 1 5 7 10 4      d = 43
9 3 6 8 2 1 5 7 10 4      d = 44

 
 
  --------------------------------------------
3 6 4 2 8 9 1 10 7 5 
9 1 4 5 10 8 7 6 3 2 
5 2 3 9 10 4 8 6 1 7 

3 9 4 5 2 10 8 6 1 7      d = 42
3 9 4 5 6 2 8 1 10 7      d = 43

 
 
  --------------------------------------------
6 10 2 3 4 7 5 9 8 1 
8 7 3 2 5 10 6 4 1 9 
5 7 1 6 3 9 4 8 10 2 

7 3 5 6 8 10 2 4 1 9      d = 41
7 5 6 3 10 2 4 9 8 1      d = 42

 
 
  --------------------------------------------
9 8 1 10 5 6 2 4 3 7 
1 4 10 5 6 7 8 2 3 9 
4 10 5 2 7 1 8 9 6 3 

1 4 10 5 8 6 2 7 9 3      d = 31
1 4 10 5 7 8 9 6 2 3      d = 32

 
 
  --------------------------------------------
8 10 4 7 6 9 5 3 1 2 
10 9 1 6 2 5 7 8 3 4 
9 3 2 4 8 7 5 10 1 6 

10 9 2 8 4 7 6 5 3 1      d = 45
9 8 10 4 7 6 5 3 1 2      d = 46

 
 
  --------------------------------------------
1 3 7 5 6 8 2 9 10 4 
4 8 7 1 6 10 5 3 9 2 
10 3 2 5 1 6 4 9 8 7 

1 3 7 5 6 8 10 2 4 9      d = 44
1 10 3 7 5 6 4 8 2 9      d = 45

 
 
  --------------------------------------------
7 5 8 2 4 6 9 10 1 3 
8 3 4 7 9 1 5 10 2 6 
7 6 9 2 8 10 4 5 3 1 

7 8 4 9 5 2 6 10 3 1      d = 34
7 8 5 2 4 6 9 10 3 1      d = 35

 
 
  --------------------------------------------
9 8 1 10 7 5 6 2 3 4 
10 4 3 8 2 5 7 6 1 9 
2 9 1 6 10 5 3 7 4 8 

9 10 8 2 1 5 3 7 6 4      d = 46
2 9 8 1 10 5 7 6 3 4      d = 47

 
 
  --------------------------------------------
3 4 7 9 2 10 8 6 1 5 
5 1 7 6 2 3 8 4 10 9 
7 4 6 10 9 2 8 1 5 3 

7 4 6 2 3 10 9 8 1 5      d = 41
7 4 6 10 9 2 8 1 5 3      d = 42

 
 
  --------------------------------------------
9 4 6 7 8 5 10 3 2 1 
2 9 5 7 6 1 10 4 3 8 
3 1 2 9 8 6 5 4 7 10 

2 9 6 5 4 7 3 1 8 10      d = 40
2 9 6 5 1 4 7 8 10 3      d = 41

 
 
  --------------------------------------------
7 8 9 1 3 10 5 4 6 2 
2 6 4 8 10 7 5 1 3 9 
5 8 4 1 10 9 6 7 3 2 

8 4 10 7 5 1 9 6 3 2      d = 42
8 5 4 1 10 6 7 9 3 2      d = 43

 
 
  --------------------------------------------
