2 7 5 1 4 3 6 
6 5 1 2 7 4 3 
7 3 1 6 4 2 5 

7 1 6 2 5 4 3      d = 21
2 7 5 1 4 3 6      d = 22

 
 
  --------------------------------------------
2 4 1 3 5 6 7 
6 7 4 3 2 5 1 
5 7 2 6 4 1 3 

2 5 6 7 4 1 3      d = 21
5 7 2 6 4 1 3      d = 22

 
 
  --------------------------------------------
2 6 4 1 7 5 3 
3 2 4 1 6 7 5 
5 1 6 3 7 2 4 

2 1 6 3 4 7 5      d = 21
2 6 4 1 7 5 3      d = 22

 
 
  --------------------------------------------
1 3 7 4 5 6 2 
5 3 2 1 4 6 7 
6 2 1 3 7 5 4 

1 3 5 6 2 7 4      d = 20
1 3 7 5 4 6 2      d = 21

 
 
  --------------------------------------------
